index=
[[8,5,0],
[0,5,17],
[26,8,0],
[0,17,28],
[28,26,0],
[6,2,1],
[1,2,7],
[23,6,1],
[1,7,11],
[1,11,23],
[2,3,7],
[21,3,2],
[2,6,29],
[29,21,2],
[3,4,7],
[15,4,3],
[21,15,3],
[14,7,4],
[25,14,4],
[4,15,18],
[4,18,25],
[5,8,19],
[20,17,5],
[5,19,25],
[25,20,5],
[23,16,6],
[6,16,29],
[14,11,7],
[10,9,8],
[8,9,19],
[26,10,8],
[9,10,23],
[9,11,19],
[23,11,9],
[10,16,23],
[26,16,10],
[11,14,19],
[18,15,12],
[12,15,24],
[12,17,20],
[22,17,12],
[20,18,12],
[24,22,12],
[24,21,13],
[13,21,29],
[13,22,24],
[28,22,13],
[13,27,28],
[29,27,13],
[25,19,14],
[15,21,24],
[16,26,27],
[16,27,29],
[17,22,28],
[18,20,25],
[28,27,26]]
points = 
[[0.8085817198731663,0.024390526396160236,0.5878781374647903],
[-0.9385394426953868,-0.3420547123025065,0.04628486033987979],
[-0.6926540539110875,-0.4668987658882648,-0.5497598603140753],
[-0.6271628224760465,0.14213465844713735,-0.7658097237382109],
[-0.5494557828018323,0.7411010569844619,-0.3858335989544444],
[0.4664160316840721,0.626842357283478,0.6241191749204436],
[-0.5131778138316383,-0.8580026118317741,-0.021910031511485465],
[-0.948012580940875,0.24557145876483577,-0.20240258154957289],
[0.2774595978187644,0.08536561992604837,0.9569372406343538],
[-0.3994607286235802,0.0245615599518513,0.9164212219608678],
[0.008527878609881257,-0.5068129246414266,0.8620138831264951],
[-0.8559935687327277,0.14166507148599047,0.49719816754396645],
[0.5984974372615567,0.5463787120688495,-0.5858934379128464],
[0.4942786798487944,-0.5817022570382117,-0.6459961848212288],
[-0.660612857032098,0.7014799439922665,0.26742576783192634],
[-0.09118954477792182,0.4609476009831788,-0.8827297299123029],
[-0.01171306687010345,-0.9356587337476914,0.3527116924999272],
[0.946079856627822,0.32095449838304146,0.04383052418999794],
[0.06242541782617353,0.9059228689925102,-0.4188159770658315],
[-0.19971959551411703,0.6101379618601164,0.7667096912553412],
[0.5601900482915043,0.8278621779727259,0.028832691123388533],
[-0.1598197404497472,-0.346897049222231,-0.9241861759426422],
[0.868123844789412,-0.05710922658931039,-0.49305124109611576],
[-0.5987752680028495,-0.546369082121642,0.5856184803519013],
[0.36189634077726474,0.0156789138785816,-0.932086482141874],
[-0.06865867803834641,0.9713547490410807,0.22749931306570112],
[0.5714803245739812,-0.588316983664317,0.5720955911007676],
[0.46077032269301776,-0.8847722796015982,-0.06977623502284838],
[0.9116067554431733,-0.4097709921337356,0.032570806500675016],
[-0.08137550314756248,-0.8679859552292283,-0.4898759118514457]]
